1.6340
1.6436
1.6223
1.6579
1.6527
1.6526
1.6575
1.6843
1.6700
1.6736
1.6654
1.6754
1.6938
1.6940
1.6903
1.7107
1.6991
1.7347
1.7325
1.7549
1.7712
1.7692
1.7827
1.8004
1.8029
1.8322
1.8287
1.8597
1.9026
1.8817
1.9002
1.9245
1.9509
1.9730
1.9874
2.0137
2.0405
2.0870
2.1103
2.1319
2.1685
2.1786
2.2325
2.2578
2.3000
2.3420
2.3715
2.3245
2.2991
2.2558
2.2306
2.2064
2.1765
2.1441
2.1261
2.1015
2.0714
2.0447
2.0229
2.0085
1.9822
1.9623
1.9336
1.9346
1.8806
1.8906
1.8960
1.8690
1.8468
1.8324
1.8348
1.8300
1.8058
1.8105
1.7894
1.7946
1.7882
1.7785
1.7640
1.7408
1.7504
1.7194
1.7258
1.7308
1.7435
1.7209
1.7328
1.7254
1.7384
1.7216
1.7274
1.7138
1.7535
1.7230
1.7323
1.7262
1.7307
1.7327
1.7521
1.7386
1.6294
1.4871
1.3725
1.2710
1.2085
1.1246
1.0617
1.0013
0.9425
0.9074
0.8429
0.8250
0.7935
0.7470
0.7407
0.6930
0.6766
0.6569
0.6496
0.6297
0.6069
0.5928
0.5652
0.5597
0.5305
0.5053
0.4889
0.4912
0.4867
0.4860
0.4563
0.4615
0.4384
0.4432
0.4167
0.4138
0.4339
0.3947
0.3960
0.3884
0.3740
0.4003
0.3614
0.3831
0.3668
0.3885
0.3586
0.3475
0.3474
0.3543
0.3400
0.3354
0.3349
0.3357
0.3364
0.3355
0.3328
0.3241
0.3177
0.3302
0.3115
0.3314
0.3212
0.3120
0.2943
0.3088
0.3078
0.3179
0.3109
0.3056
0.2951
0.3063
0.2926
0.3033
0.2934
0.3123
0.3153
0.3070
0.3076
0.3008
0.3046
0.3049
0.3125
0.3096
0.2933
0.3123
0.3040
0.3102
0.3109
0.3045
0.3032
0.2694
0.2984
0.3205
0.3147
0.3167
0.3256
0.3313
0.3094
0.3222
0.3373
0.3371
0.3329
0.3313
0.3467
0.3443
0.3490
0.3388
0.3552
0.3533
0.3651
0.3431
0.3662
0.3764
0.3616
0.3631
0.3662
0.3667
0.3723
0.3493
0.3353
0.3345
0.3174
0.3158
0.3113
0.2904
0.3109
0.3046
0.3111
0.3031
0.3054
0.2998
0.2716
0.2721
0.2815
0.2639
0.2749
0.2810
0.2652
0.2549
0.2704
0.2494
0.2472
0.2422
0.2453
0.2506
0.2483
0.2123
0.2402
0.2564
0.2417
0.2304
0.2334
0.2223
0.2252
0.2205
0.2317
0.2316
0.2197
0.2313
0.2245
0.2273
0.2259
0.2267
0.2295
0.2347
0.2223
0.2167
0.2175
0.2143
0.2486
0.2143
0.2229
0.2291
0.2416
0.2201
0.2196
0.2361
0.2223
0.2249
0.2228
0.2112
0.2222
0.2371
0.2455
0.2448
0.2267
0.2410
0.2450
0.2423
0.2310
0.2660
0.2377
0.2456
0.2546
0.2654
0.2407
0.2563
0.2466
0.2521
0.2519
0.2687
0.2551
0.2600
0.2649
0.2939
0.2910
0.2873
0.3022
0.2967
0.2812
0.3142
0.2967
0.3168
0.3311
0.3058
0.3301
0.3333
0.3399
0.3585
0.3477
0.3684
0.3724
0.3889
0.4074
0.4049
0.4133
0.4142
0.4436
0.4572
0.4706
0.4770
0.4817
0.5344
0.5441
0.5539
0.6109
0.6183
0.6212
0.6862
0.7110
2.4082
2.5462
2.7114
2.7419
2.7182
1.1627
1.1658
1.2321
1.3533
1.5377
1.6601
1.6551
1.6503
1.6316
1.6562
1.6525
1.6618
1.6676
1.6574
