1.5000
1.5000
1.5000
1.5000
1.5000
1.5000
1.3821
1.2257
1.1033
0.9931
0.9231
0.8489
0.7921
0.7346
0.6938
0.6368
0.6029
0.5785
0.5535
0.5114
0.4996
0.4809
0.4572
0.4544
0.4484
0.3975
0.3881
0.3753
0.3707
0.3579
0.3449
0.3402
0.3314
0.3318
0.3056
0.3137
0.2880
0.2816
0.2737
0.2640
0.2775
0.2937
0.2771
0.2727
0.2364
0.2485
0.2506
0.2507
0.2327
0.2397
0.2290
0.2457
0.2106
0.2273
0.2281
0.2181
0.2061
0.2065
0.2134
0.2054
0.2021
0.1943
0.1979
0.2169
0.2016
0.1958
0.1851
0.1986
0.1840
0.2109
0.1727
0.2062
0.1911
0.1901
0.1935
0.1736
0.1839
0.1644
0.1747
0.1952
0.1715
0.1819
0.1872
0.1804
0.1737
0.1808
0.1771
0.1867
0.1765
0.1767
0.1747
0.1715
0.1774
0.1816
0.1730
0.1713
0.1950
0.1920
0.1968
0.1900
0.1923
0.1886
0.1722
0.1854
0.2007
0.1862
0.1778
0.2026
0.1967
0.1842
0.2048
0.2013
0.1778
0.1804
0.1812
0.1457
0.1695
0.1428
0.1336
0.1484
0.1200
0.1294
0.1200
0.1271
0.1200
0.1253
0.2141
0.1921
0.1893
0.1604
0.1986
0.1901
0.1695
0.1818
0.1643
0.1767
0.1650
0.1714
0.1438
0.1482
0.1658
0.1556
0.1675
0.1436
0.1421
0.1478
0.1467
0.1377
0.1419
0.1284
0.1452
0.1334
0.1508
0.1359
0.1487
0.1450
0.1520
0.1339
0.1364
0.1322
0.1200
0.1256
0.1200
0.1200
0.1291
0.1294
0.1339
0.1222
0.1400
0.1237
0.1391
0.1367
0.1413
0.1200
0.1200
0.1200
0.1200
0.1296
0.1234
0.1200
0.1448
0.1336
0.1200
0.1329
0.1295
0.1260
0.1310
0.1200
0.1347
0.1345
0.1233
0.1392
0.1207
0.1462
0.1200
0.1200
0.1258
0.1200
0.1303
0.1292
0.1322
0.1222
0.1399
0.1316
0.1449
0.1256
0.1514
0.1299
0.1377
0.1310
0.1475
0.1460
0.1563
0.1587
0.1544
0.1624
0.1606
0.1632
0.1524
0.1733
0.1819
0.1606
0.1818
0.1532
0.1856
0.1830
0.2000
0.2182
0.1817
0.2160
0.2026
0.1200
0.1248
0.1285
0.1263
0.1219
0.1436
0.1375
0.1486
0.1470
0.1811
0.1712
0.1603
0.1957
0.1691
0.2048
0.1850
0.2132
0.2053
0.2367
0.2430
0.2573
0.2744
0.2681
0.3028
0.3288
0.3505
0.3842
0.4476
0.4749
0.5264
0.6072
0.7267
0.8741
1.1127
1.5000
1.5000
1.5000
1.5000
1.5000
1.5000
1.5000
1.5000
1.5000
1.5000
1.5000
1.5000
1.5000
1.5000
1.5000
1.5000
1.5000
1.5000
1.5000
1.5000
1.5000
1.5000
1.5000
1.5000
1.5000
1.5000
1.5000
1.5000
1.5000
1.5000
1.5000
1.5000
1.5000
1.5000
1.5000
1.5000
1.5000
1.5000
1.5000
1.5000
1.5000
1.5000
1.5000
1.5000
1.5000
1.5000
1.5000
1.5000
1.5000
1.5000
1.5000
1.5000
1.5000
1.5000
1.5000
1.5000
1.5000
1.5000
1.5000
1.5000
1.5000
1.5000
1.5000
1.5000
1.5000
1.5000
1.5000
1.5000
1.5000
1.5000
1.5000
1.5000
1.5000
1.5000
1.5000
1.5000
1.5000
1.5000
1.5000
1.5000
1.5000
1.5000
1.5000
1.5000
1.5000
1.5000
1.5000
1.5000
1.5000
1.5000
1.5000
1.5000
1.5000
1.5000
1.5000
